J1

0.012873249630052496
0.04692919876746542
0.09666572129252331
0.11587698762483374
0.12037201080108186
0.12128445481682708
0.12146684640926729
0.12150475858571055
0.12151338603611912
0.12151338603611912

J2

0.012873249630052496
0.04692919876746542
0.09666572129252331
0.11587698762483374
0.12037201080108186
0.12128445481682708
0.12146684640926729
0.12150475858571055
0.12151338603611912
0.12151338603611912

J3

0.012873249630052496
0.04692919876746542
0.09666572129252331
0.11587698762483374
0.12037201080108186
0.12128445481682708
0.12146684640926729
0.12150475858571055
0.12151338603611912
0.12151338603611912

J4

0.012873249630052496
0.04692919876746542
0.09666572129252331
0.11587698762483374
0.12037201080108186
0.12128445481682708
0.12146684640926729
0.12150475858571055
0.12151338603611912
0.12151338603611912

J5

0.012873249630052496
0.04692919876746542
0.09666572129252331
0.11587698762483374
0.12037201080108186
0.12128445481682708
0.12146684640926729
0.12150475858571055
0.12151338603611912
0.12151338603611912

J6

0.012873249630052496
0.04692919876746542
0.09666572129252331
0.11587698762483374
0.12037201080108186
0.12128445481682708
0.12146684640926729
0.12150475858571055
0.12151338603611912
0.12151338603611912

J7

0.012873249630052496
0.04692919876746542
0.09666572129252331
0.11587698762483374
0.12037201080108186
0.12128445481682708
0.12146684640926729
0.12150475858571055
0.12151338603611912
0.12151338603611912

J8

0.012873249630052496
0.04692919876746542
0.09666572129252331
0.11587698762483374
0.12037201080108186
0.12128445481682708
0.12146684640926729
0.12150475858571055
0.12151338603611912
0.12151338603611912

J9

0.012873249630052496
0.04692919876746542
0.09666572129252331
0.11587698762483374
0.12037201080108186
0.12128445481682708
0.12146684640926729
0.12150475858571055
0.12151338603611912
0.12151338603611912

J10

0.012873249630052496
0.04692919876746542
0.09666572129252331
0.11587698762483374
0.12037201080108186
0.12128445481682708
0.12146684640926729
0.12150475858571055
0.12151338603611912
0.12151338603611912