J1

0.68
0.32
794850
953483
990501
998024
999570
999931
1000000
1000000

J2

0.78
0.22
795012
953574
990468
998049
999596
999929
1000000
1000000

J3

0.28
0.72
795331
953666
990566
998130
999627
999924
1000000
1000000

J4

0.68
0.32
795491
953771
990582
998158
999629
999933
1000000
1000000

J5

0.48
0.52
795198
953477
990584
998119
999644
999946
1000000
1000000

J6

105574
386098
795472
954232
990537
998002
999600
999924
1000000
1000000

J7

105900
385893
795136
953705
990429
998081
999608
999919
1000000
1000000

J8

105229
385379
795260
953637
990526
998070
999610
999915
1000000
1000000

J9

105927
385404
795348
953629
990381
998079
999607
999930
1000000
1000000

J10

105529
385691
795258
953683
990593
998111
999603
999922
1000000
1000000