J1

64
112
352
1600
6720
27200
104000
360000
1000000
1000000

J2

88
136
376
1600
6720
27200
104000
360000
1000000
1000000

J3

64
112
376
1600
6720
27200
104000
360000
1000000
1000000

J4

105744
385245
795450
953556
990481
998117
999625
999931
1000000
1000000

J5

105718
385211
795126
953564
990465
998036
999623
999921
1000000
1000000

J6

87
136
352
1600
6720
27200
104000
360000
1000000
1000000

J7

64
112
376
1600
6720
27200
104000
360000
1000000
1000000

J8

88
136
376
1600
6720
27200
104000
360000
1000000
1000000

J9

64
136
376
1600
6720
27200
104000
360000
1000000
1000000

J10

108
132
372
1596
6716
27196
103996
359996
1000000
1000000