J1

64
112
352
1600
6720
27200
104000
360000
1000000
1000000

J2

88
136
376
1600
6720
27200
104000
360000
1000000
1000000

J3

64
112
376
1600
6720
27200
104000
360000
1000000
1000000

J4

105941
386206
795515
953615
990607
998116
999617
999929
1000000
1000000

J5

106136
386062
795390
953594
990680
998151
999614
999941
1000000
1000000

J6

106210
386242
795456
953414
990647
998045
999616
999923
1000000
1000000

J7

105675
385633
795423
954046
990526
998091
999641
999927
1000000
1000000

J8

87
136
376
1600
6720
27200
104000
360000
1000000
1000000

J9

64
136
376
1600
6720
27200
104000
360000
1000000
1000000

J10

108
132
372
1596
6716
27196
103996
359996
1000000
1000000