J1

64
112
352
1600
6720
27200
104000
360000
1000000
1000000

J2

105370
384882
795033
953376
990257
998005
999620
999927
1000000
1000000

J3

105585
385631
795065
953759
990426
998059
999614
999932
1000000
1000000

J4

105523
385523
794579
953560
990527
998148
999647
999938
1000000
1000000

J5

106256
386446
794714
953565
990444
998206
999648
999914
1000000
1000000

J6

105612
385173
795194
953768
990435
998111
999622
999930
1000000
1000000

J7

105634
385919
794988
953425
990379
998118
999612
999924
1000000
1000000

J8

105912
385639
794845
953429
990454
998090
999614
999936
1000000
1000000

J9

105872
386148
795003
953784
990536
998084
999606
999927
1000000
1000000

J10

107
131
372
1596
6716
27196
103996
359996
1000000
1000000