J1

64
112
352
1600
6720
27200
104000
360000
1000000
1000000

J2

88
136
376
1600
6720
27200
104000
360000
1000000
1000000

J3

64
112
376
1600
6720
27200
104000
360000
1000000
1000000

J4

88
136
376
1600
6720
27200
104000
360000
1000000
1000000

J5

64
112
376
1600
6720
27200
104000
360000
1000000
1000000

J6

88
136
352
1600
6720
27200
104000
360000
1000000
1000000

J7

64
112
376
1600
6720
27200
104000
360000
1000000
1000000

J8

88
136
376
1600
6720
27200
104000
360000
1000000
1000000

J9

64
136
376
1600
6720
27200
104000
360000
1000000
1000000

J10

108
132
372
1596
6716
27196
103996
359996
1000000
1000000